+7 (902) 167-11-41
+7 (950) 782-50-02
+7 (999) 219-74-54
+7 (913) 645-31-98
+7 (983) 295-05-45
+7 (906) 103-91-32
+7 (953) 527-88-30
+7 (982) 187-03-44
+7 (904) 001-31-34
+7 (915) 546-20-98
+7 (984) 110-28-76
+7 (950) 063-69-26
+380 (96) 900 93 41
+7 (917) 221-66-96
+380 (96) 163 69 80
+7 (904) 010-91-39
+7 (904) 010-91-39
+7 (921) 872-75-00
+7 (983) 295-05-45
+7 (906) 103-91-32
+7 (953) 527-88-30
+7 (982) 187-03-44
+7 (904) 001-31-34
+7 (915) 546-20-98
+7 (984) 110-28-76
+7 (950) 063-69-26
+380 (96) 900 93 41
+7 (917) 221-66-96
+7 (902) 167-11-41
+7 (904) 010-91-39
+7 (902) 167-11-41
+7 (950) 782-50-02
+7 (999) 219-74-54
+7 (913) 645-31-98
+7 (921) 872-75-00
+7 (983) 295-05-45
+7 (906) 103-91-32
+7 (953) 527-88-30
+7 (982) 187-03-44
+7 (904) 001-31-34
+7 (915) 546-20-98
+7 (984) 110-28-76
+7 (950) 063-69-26
+380 (96) 900 93 41
+7 (917) 221-66-96
+7 (902) 167-11-41
+7 (904) 010-91-39
+7 (902) 167-11-41
+7 (950) 782-50-02
+7 (999) 219-74-54
+7 (913) 645-31-98
+7 (921) 872-75-00
